inverse of AI matrix (Sampling Variance)
  0.73607E-01  0.40710E-02  0.22707E-03 -0.83829E-02 -0.30795E-03 -0.11443E-04 -0.15531E-02 -0.54165E-04 -0.18403E-05
  0.40710E-02  0.10386E-02  0.10164E-03 -0.43693E-03 -0.12796E-03 -0.80753E-05 -0.32134E-04 -0.65673E-04 -0.46219E-05
  0.22707E-03  0.10164E-03  0.45840E-04 -0.23847E-04 -0.13998E-04 -0.67303E-05  0.59041E-06 -0.36146E-05 -0.96515E-05
 -0.83829E-02 -0.43693E-03 -0.23847E-04  0.46864E-01  0.20226E-02  0.92116E-04 -0.86405E-02 -0.43133E-03 -0.22508E-04
 -0.30795E-03 -0.12796E-03 -0.13998E-04  0.20226E-02  0.91702E-03  0.78565E-04 -0.43014E-03 -0.20667E-03 -0.19945E-04
 -0.11443E-04 -0.80753E-05 -0.67303E-05  0.92116E-04  0.78565E-04  0.64619E-04 -0.22468E-04 -0.20107E-04 -0.17984E-04
 -0.15531E-02 -0.32134E-04  0.59041E-06 -0.86405E-02 -0.43014E-03 -0.22468E-04  0.91389E-02  0.39007E-03  0.17211E-04
 -0.54165E-04 -0.65673E-04 -0.36146E-05 -0.43133E-03 -0.20667E-03 -0.20107E-04  0.39007E-03  0.32880E-03  0.26744E-04
 -0.18403E-05 -0.46219E-05 -0.96515E-05 -0.22508E-04 -0.19945E-04 -0.17984E-04  0.17211E-04  0.26744E-04  0.44023E-04
Correlations from inverse of AI matrix
   1.0000      0.46559      0.12362     -0.14273     -0.37483E-01 -0.52468E-02 -0.59882E-01 -0.11010E-01 -0.10223E-02
  0.46559       1.0000      0.46580     -0.62626E-01 -0.13111     -0.31171E-01 -0.10430E-01 -0.11238     -0.21615E-01
  0.12362      0.46580       1.0000     -0.16270E-01 -0.68276E-01 -0.12366      0.91218E-03 -0.29442E-01 -0.21485    
 -0.14273     -0.62626E-01 -0.16270E-01   1.0000      0.30853      0.52934E-01 -0.41751     -0.10988     -0.15670E-01
 -0.37483E-01 -0.13111     -0.68276E-01  0.30853       1.0000      0.32274     -0.14858     -0.37637     -0.99266E-01
 -0.52468E-02 -0.31171E-01 -0.12366      0.52934E-01  0.32274       1.0000     -0.29237E-01 -0.13794     -0.33719    
 -0.59882E-01 -0.10430E-01  0.91218E-03 -0.41751     -0.14858     -0.29237E-01   1.0000      0.22502      0.27134E-01
 -0.11010E-01 -0.11238     -0.29442E-01 -0.10988     -0.37637     -0.13794      0.22502       1.0000      0.22229    
 -0.10223E-02 -0.21615E-01 -0.21485     -0.15670E-01 -0.99266E-01 -0.33719      0.27134E-01  0.22229       1.0000    
SE for G
  0.27131      0.32228E-01
  0.32228E-01  0.67705E-02
SE for G
  0.21648      0.30282E-01
  0.30282E-01  0.80386E-02
